69,3
69,2
69,1
69,0
68,3
68,2
68,1
68,0
0,463
67,3
67,2
67,1
67,0
66,4
66,3
66,2
66,1
66,0
65,4
65,3
65,2
65,1
65,0
0,462
64,3
64,2
0,461
0,460
64,1
64,0
0,459
0,458
0,457
0,456
0,455
0,454
0,453
0,452
0,451
0,450
0,449
0,448
0,447
0,446
0,445
0,444
0,443
0,442
0,441
0,440
63,3
63,2
0,439
63,1
63,0
0,438
0,437
0,436
62,3
62,2
0,435
62,1
62,0
0,434
0,433
0,432
0,431
0,430
0,429
61,4
0,428
0,427
0,426
61,3
61,2
0,425
61,1
61,0
0,424
0,423
0,422
0,421
60,4
0,420
0,419
0,418
60,3
60,2
0,417
60,1
60,0
0,416
0,415
59,3
59,2
0,414
0,413
59,1
59,0
0,412
0,411
0,410
0,409
0,408
0,407
58,3
58,2
58,1
58,0
57,3
57,2
57,1
